1.952373583333333,0,0b  1  1111  0101  1111  1111,
1.952399250000000,0,0b  1  1111  0101  1111  1111,
1.952424958333333,0,0b  1  1111  0101  1111  1111,
1.952450625000000,0,0b  1  1111  0101  1111  1111,
1.952476333333333,0,0b  1  1111  0101  1111  1111,
1.952502000000000,0,0b  1  1111  0101  1111  1111,
1.952527708333333,0,0b  1  1111  0101  1111  1111,
1.952553416666667,0,0b  1  1111  0101  1111  1111,
1.952580041666667,0,0b  1  1111  0101  1111  1111,
1.952605708333333,0,0b  1  1111  0101  1111  1111,
1.952631416666667,0,0b  1  1111  0101  1111  1111,
1.952657083333333,0,0b  1  1111  0101  1111  1111,
1.952682791666667,0,0b  1  1111  0101  1111  1111,
1.952708500000000,0,0b  1  1111  0101  1111  1111,
1.952734166666667,0,0b  1  1111  0101  1111  1111,
1.952762541666667,0,0b  1  1111  0101  1111  1111,
1.952789166666667,0,0b  1  1111  0101  1111  1111,
1.952814875000000,0,0b  1  1111  0101  1111  1111,
1.952840583333333,0,0b  1  1111  0101  1111  1111,
1.952866250000000,0,0b  1  1111  0101  1111  1111,
1.952891958333333,0,0b  1  1111  0101  1111  1111,
1.952917625000000,0,0b  1  1111  0101  1111  1111,
1.952943333333333,0,0b  1  1111  0101  1111  1111,
1.952969000000000,0,0b  1  1111  0101  1111  1111,
1.952995666666667,0,0b  1  1111  0101  1111  1111,
1.953021333333333,0,0b  1  1111  0101  1111  1111,
1.953047041666667,0,0b  1  1111  0101  1111  1111,
1.953072708333333,0,0b  1  1111  0101  1111  1111,
1.953098416666667,0,0b  1  1111  0101  1111  1111,
1.953124083333333,0,0b  1  1111  0101  1111  1111,
1.953149791666667,0,0b  1  1111  0101  1111  1111,
1.953175500000000,0,0b  1  1111  0101  1111  1111,
1.953202125000000,0,0b  1  1111  0101  1111  1111,
1.953227791666667,0,0b  1  1111  0101  1111  1111,
1.953256166666667,0,0b  1  1111  0101  1111  1111,
1.953281875000000,0,0b  1  1111  0101  1111  1111,
1.953307583333333,0,0b  1  1111  0101  1111  1111,
1.953333250000000,0,0b  1  1111  0101  1111  1111,
1.953358958333333,0,0b  1  1111  0101  1111  1111,
1.953384625000000,0,0b  1  1111  0101  1111  1111,
1.953411250000000,0,0b  1  1111  0101  1111  1111,
1.953436958333333,0,0b  1  1111  0101  1111  1111,
1.953462666666667,0,0b  1  1111  0101  1111  1111,
1.953488333333333,0,0b  1  1111  0101  1111  1111,
1.953514041666667,0,0b  1  1111  0101  1111  1111,
1.953539708333333,0,0b  1  1111  0101  1111  1111,
1.953565416666667,0,0b  1  1111  0101  1111  1111,
1.953591125000000,0,0b  1  1111  0101  1111  1111,
1.953617750000000,0,0b  1  1111  0101  1111  1111,
1.953643416666667,0,0b  1  1111  0101  1111  1111,
1.953669125000000,0,0b  1  1111  0101  1111  1111,
1.953694791666667,0,0b  1  1111  0101  1111  1111,
1.953720500000000,0,0b  1  1111  0101  1111  1111,
1.953748875000000,0,0b  1  1111  0101  1111  1111,
1.953774583333333,0,0b  1  1111  0101  1111  1111,
1.953800250000000,0,0b  1  1111  0101  1111  1111,
1.953826875000000,0,0b  1  1111  0101  1111  1111,
1.953852583333333,0,0b  1  1111  0101  1111  1111,
1.953878250000000,0,0b  1  1111  0101  1111  1111,
1.953903958333333,0,0b  1  1111  0101  1111  1111,
1.953929666666667,0,0b  1  1111  0101  1111  1111,
1.953955333333333,0,0b  1  1111  0101  1111  1111,
1.953981041666667,0,0b  1  1111  0101  1111  1111,
1.954006708333333,0,0b  1  1111  0101  1111  1111,
1.954030791666667,0,0b  1  1111  0001  0000  0000,
